100
2
0.2500 0.5000 0.5000 0.2500
3
0.0000 0.0000 0.0000 0.0009 0.0013 0.1776
1
1.0000 0.1234
2
0.6150 0.6667 0.2177 0.9715
4
0.6394 0.2507 0.9509 0.6494 0.4265 0.5078 0.6608 0.2688
4
0.3457 0.2339 0.7210 0.9070 0.8584 0.0076 0.0692 0.7937
3
0.2720 0.1359 0.6370 0.3079 0.5600 0.0121
4
0.9819 0.8745 0.3449 0.1663 0.6115 0.5141 0.3340 0.6517
2
0.6001 0.2414 0.0272 0.4893
2
0.5000 0.5000 0.4999 0.5001
2
0.9690 0.2072 0.3713 0.6858
4
0.2000 0.3000 0.4000 0.6000 0.7000 0.5000 1.0000 0.1000
2
0.4780 0.9987 0.6597 0.2568
1
0.0000 0.0000
3
0.5906 0.2357 0.7774 0.4706 0.4423 0.7430
4
0.2339 0.4226 0.9451 0.8125 0.8358 0.7209 0.7760 0.2043
4
0.4004 0.4005 0.4001 0.3998 0.3996 0.4005 0.3995 0.3995
3
0.1746 0.6761 0.3630 0.9403 0.6064 0.9648
2
0.1602 0.8397 0.5781 0.7201
4
0.1449 0.9623 0.9803 0.6280 0.8607 0.2455 0.3388 0.6806
4
0.4999 0.4999 0.4998 0.4996 0.4998 0.4997 0.4997 0.4996
4
0.4004 0.3995 0.4004 0.3999 0.4001 0.4000 0.4003 0.3995
2
0.7524 0.2807 0.2034 0.3025
1
0.9876 0.1234
4
0.1795 0.5186 0.8978 0.4083 0.0152 0.8036 0.4813 0.2505
4
0.9548 0.7956 0.0600 0.1191 0.4930 0.2129 0.2332 0.0030
2
0.9262 0.7828 0.5888 0.6588
4
0.3580 0.3318 0.6640 0.1225 0.7648 0.6311 0.4608 0.0885
2
0.0002 0.0004 0.0001 0.0003
2
0.5240 0.8551 0.9190 0.2894
4
0.7778 0.4444 0.5556 0.3333 0.8889 0.2222 0.6667 0.1111
4
0.0752 0.3099 0.7305 0.2256 0.4866 0.7559 0.5944 0.5453
2
0.2030 0.8721 0.8723 0.7199
4
0.0441 0.6313 0.7057 0.4066 0.4685 0.0936 0.0512 0.8536
2
0.8354 0.8153 0.7609 0.9397
3
0.2341 0.0218 0.5216 0.7337 0.6575 0.4008
4
0.5000 0.6000 0.6000 0.6000 0.5000 0.4000 0.4000 0.4000
4
0.6285 0.7861 0.8840 0.5436 0.0384 0.4541 0.1821 0.1492
3
0.0921 0.8758 0.5483 0.4283 0.1418 0.8692
3
0.0026 0.1188 0.3714 0.6802 0.6820 0.9197
4
1.0000 1.0000 1.0000 0.0000 0.0000 0.0000 1.0000 0.0000
4
0.3989 0.3989 0.3989 0.3989 0.3989 0.3989 0.3989 0.3989
3
0.8079 0.2963 0.6994 0.5900 0.3232 0.0505
4
0.9409 0.9501 0.5995 0.7880 0.2748 0.5936 0.7271 0.1765
4
0.9711 0.6595 0.4097 0.8430 0.8663 0.5668 0.0448 0.4975
3
0.4368 0.0025 0.6285 0.3176 0.6358 0.2676
4
0.0127 0.8736 0.1360 0.5997 0.0267 0.6595 0.5142 0.2164
4
0.2870 0.0348 0.4926 0.3258 0.7030 0.8890 0.9913 0.9242
3
0.4209 0.6094 0.9327 0.7754 0.4661 0.2910
3
0.2700 0.8003 0.4129 0.3425 0.5487 0.1705
2
0.4213 0.2750 0.2267 0.3344
4
0.5480 0.3417 0.3624 0.2144 0.7690 0.2883 0.4442 0.1081
2
0.5000 0.4999 0.4999 0.5000
1
1.0000 1.0000
2
1.0000 0.9997 0.9998 0.9999
3
0.2206 0.5088 0.7535 0.6196 0.4722 0.5802
3
0.6289 0.5964 0.3060 0.6272 0.9723 0.5316
4
0.7006 0.3688 0.8479 0.3815 0.8364 0.7604 0.3302 0.3445
4
0.0868 0.7812 0.9268 0.8185 0.8841 0.8319 0.5565 0.9421
2
0.5294 0.5952 0.0890 0.9805
2
1.0000 1.0000 1.0000 0.9999
4
0.7650 0.2004 0.4377 0.0220 0.7675 0.1558 0.2465 0.0141
2
0.9829 0.7326 0.8832 0.4696
4
0.4576 0.1999 0.7980 0.3553 0.1415 0.7940 0.5090 0.1055
4
0.3772 0.6494 0.4017 0.6116 0.2785 0.0330 0.1245 0.4860
2
0.9999 1.0000 1.0000 0.9999
2
0.7186 0.1978 0.8398 0.5152
4
0.3999 0.4004 0.4001 0.4001 0.3996 0.4003 0.3997 0.4001
2
0.3605 0.2966 0.4925 0.6532
4
0.3995 0.3999 0.4000 0.4005 0.3997 0.4002 0.4000 0.4000
4
0.3612 0.2728 0.3705 0.5939 0.9882 0.1949 0.5561 0.9684
3
0.4336 0.7379 0.6512 0.5795 0.2632 0.6214
4
0.0007 0.0007 0.0007 0.0007 0.0007 0.0007 0.0007 0.0007
4
0.0000 0.0000 1.0000 0.0000 1.0000 1.0000 1.0000 1.0000
4
0.0001 0.0001 0.0001 0.0001 0.0001 0.0001 0.0001 0.0001
4
0.0423 0.3726 0.0241 0.9249 0.7376 0.1427 0.5151 0.3429
3
0.8052 0.9938 0.1087 0.1005 0.4287 0.9327
4
0.1995 0.5575 0.0809 0.7591 0.7150 0.3685 0.4648 0.5742
4
0.9061 0.1763 0.1551 0.3237 0.7296 0.5485 0.9217 0.3206
4
0.3446 0.8823 0.3006 0.0334 0.4928 0.8994 0.4842 0.2796
2
0.5000 1.0000 0.5000 0.0000
4
0.6705 0.6330 0.6849 0.5411 0.8978 0.3002 0.9097 0.4395
3
0.0758 0.2883 0.1169 0.7655 0.0581 0.4694
3
0.6547 0.6233 0.1858 0.0881 0.6262 0.5481
1
1.0000 0.0000
4
0.7886 0.7048 0.0654 0.2953 0.7397 0.1321 0.8180 0.3864
3
0.2221 0.9034 0.2580 0.9411 0.0002 0.4177
4
0.5001 0.4996 0.4998 0.5002 0.4999 0.4997 0.5000 0.0000
3
0.9632 0.0704 0.1391 0.2405 0.8973 0.5739
4
0.2341 0.5932 0.0381 0.2358 0.7994 0.9143 0.4694 0.0327
4
0.4998 0.4997 0.5003 0.4999 0.5000 0.5001 0.5002 0.4996
2
0.5002 0.5001 0.5000 0.4999
4
0.4196 0.7999 0.5611 0.7218 0.1039 0.6861 0.1016 0.9384
2
0.7510 0.3634 0.1249 0.6831
4
0.9810 0.9810 0.9810 0.9810 0.9810 0.9810 0.9810 0.9810
4
0.4001 0.4004 0.3998 0.4004 0.4004 0.4000 0.4003 0.4004
3
0.4872 0.7402 0.8071 0.7636 0.6451 0.6753
4
0.1000 0.2000 0.0000 0.5000 0.3000 0.7000 0.4000 0.6000
4
0.5002 0.4999 0.4996 0.4997 0.5001 0.4998 1.0000 0.5000
3
0.5177 0.8249 0.1093 0.8476 0.6780 0.0145
