100
2 3
1 2
1 2
3 3
1 2
2 3
2 2
3 3
1 1
2 2
1 2
36 6
1 2
1 5
3 5
2 3
2 5
3 5
1 3
1 6
2 4
2 3
2 2
1 6
3 3
1 3
1 5
5 5
4 6
4 5
1 1
1 2
3 6
2 5
2 6
2 6
5 6
2 4
4 5
1 4
3 4
5 6
1 4
3 6
3 4
6 6
4 6
4 4
100 100
83 88
24 59
17 62
4 99
21 54
7 41
60 62
26 37
57 80
39 83
61 93
59 60
14 35
9 54
68 70
35 48
15 54
14 71
5 16
7 66
19 61
10 96
24 81
6 30
55 82
3 7
65 69
58 87
72 75
79 82
28 85
54 64
27 98
44 76
25 28
30 47
39 60
28 82
69 79
18 43
45 71
38 54
45 97
8 69
60 63
9 61
14 49
8 74
22 51
1 45
1 36
21 37
2 15
5 47
24 48
16 77
1 65
13 100
34 74
39 62
5 56
54 76
14 48
19 19
92 93
72 93
23 63
52 78
4 43
26 40
46 64
34 91
46 53
31 53
45 48
23 96
16 60
9 91
71 71
9 20
67 74
25 75
5 16
39 77
69 75
13 22
5 70
13 49
38 71
42 42
13 100
7 32
16 56
48 94
20 97
22 53
61 90
36 63
14 54
17 79
100 100
10 46
30 34
57 99
7 50
11 96
3 69
13 87
82 98
19 45
44 52
76 82
5 6
22 86
23 48
52 56
14 78
58 62
22 87
21 76
16 83
1 10
1 2
21 70
41 86
76 79
8 99
46 88
1 94
78 87
2 38
27 47
29 49
24 91
46 55
5 36
16 87
65 67
78 93
25 37
9 60
49 97
15 94
6 52
8 26
46 62
46 88
1 39
13 17
41 77
6 66
28 40
52 87
13 49
9 46
34 41
31 60
2 97
50 84
27 81
24 82
38 49
67 74
34 46
10 41
12 69
22 56
22 90
70 91
83 84
25 72
4 28
8 15
1 14
52 56
68 71
49 64
35 97
41 74
5 60
48 62
67 95
7 47
3 81
39 57
34 97
48 93
12 24
19 58
14 52
53 86
89 94
3 64
1 41
67 86
9 57
50 55
48 97
57 60
56 89
10 33
100 19
9 12
11 15
13 14
2 10
2 6
10 15
8 14
6 8
2 9
3 11
5 15
10 12
4 17
10 18
7 10
11 14
5 9
12 17
5 10
6 18
2 13
14 15
3 10
2 7
2 14
7 9
7 15
1 8
14 19
5 14
12 14
5 14
12 13
6 8
7 8
3 9
2 4
18 19
6 14
11 16
6 10
10 12
5 11
5 17
1 10
2 3
7 9
10 19
7 19
3 13
7 12
16 16
6 9
5 9
5 10
16 18
9 15
10 19
1 17
8 19
1 14
3 11
7 11
4 19
1 12
11 14
4 7
15 19
5 8
1 8
4 7
1 2
6 13
8 9
5 15
2 19
18 18
3 12
1 4
2 12
10 16
3 14
7 11
11 17
3 13
5 19
15 18
7 15
5 6
4 12
9 16
4 8
1 15
9 10
6 13
13 18
10 18
3 9
17 19
1 9
74 29
19 22
19 25
8 25
18 22
4 19
1 11
11 21
2 3
3 21
20 24
13 17
8 11
1 25
11 21
18 26
15 19
8 8
24 25
3 4
16 26
27 27
19 21
1 20
12 13
6 23
7 27
8 23
10 22
4 13
1 3
2 18
13 27
17 19
24 26
10 11
20 20
17 19
3 6
13 17
7 26
2 14
5 7
6 25
10 24
5 10
2 18
16 28
2 13
28 28
4 11
5 10
7 28
1 13
5 19
10 11
12 12
14 22
24 24
8 20
13 28
5 7
15 21
18 24
22 27
14 24
13 19
19 20
14 27
1 21
4 8
9 21
9 28
7 9
1 3
100 100
17 38
41 79
7 84
78 93
78 95
9 55
59 89
13 24
1 41
45 56
24 93
65 71
36 90
92 98
60 77
19 58
46 92
30 53
38 64
57 93
35 67
78 82
18 59
29 52
12 50
59 68
59 77
5 35
6 54
29 96
83 86
83 96
39 51
37 56
86 99
47 80
19 89
25 83
4 76
29 32
47 95
33 60
40 45
31 86
30 60
20 79
49 53
24 85
5 59
27 44
16 75
37 65
31 54
62 75
29 80
72 87
45 50
2 39
65 73
35 99
12 27
49 50
73 80
6 44
1 94
16 91
78 90
22 52
28 38
48 70
46 73
47 63
6 38
29 100
77 81
4 49
60 92
40 93
21 52
21 51
17 88
48 55
70 82
24 47
2 95
18 76
37 38
61 79
19 60
31 96
37 74
19 73
29 51
3 55
17 84
3 33
32 50
51 70
15 35
10 11
100 100
20 73
15 40
5 93
21 93
16 32
85 98
59 73
47 55
29 55
44 55
1 24
8 33
26 94
24 87
80 90
8 30
14 61
72 73
72 96
90 91
67 84
31 69
33 97
48 83
63 88
68 84
8 34
38 92
11 97
38 64
48 71
1 98
2 98
89 93
38 76
20 58
28 53
13 54
65 95
28 76
5 76
36 75
26 89
70 100
37 58
23 85
46 70
24 86
20 47
13 32
15 53
3 76
74 89
7 43
46 46
14 94
25 28
67 82
10 72
32 84
57 83
5 31
42 75
3 70
41 59
46 73
64 92
24 25
65 75
37 92
29 72
45 48
3 84
53 92
32 88
50 70
68 88
28 36
30 65
48 98
33 86
14 48
7 51
23 33
15 48
6 33
6 47
23 80
58 98
56 95
34 49
9 12
51 94
98 99
4 9
16 60
55 92
22 92
42 47
24 40
100 100
63 86
74 99
74 97
78 96
34 73
56 87
27 31
25 91
1 32
32 98
61 66
65 92
10 79
32 44
1 69
43 50
30 33
20 33
10 23
60 99
16 73
13 19
3 24
23 92
3 55
27 57
12 36
29 81
16 18
86 87
16 74
68 81
16 25
5 15
9 91
51 73
32 48
28 66
34 40
37 66
62 79
75 82
10 11
62 63
18 27
57 84
14 98
49 53
5 71
18 85
15 49
51 57
44 45
33 72
15 38
14 86
61 94
9 32
44 56
18 44
15 89
17 65
7 36
40 71
53 57
59 89
29 51
19 60
18 84
55 99
11 14
10 41
47 99
3 42
46 51
15 95
54 62
79 96
32 81
41 83
27 57
76 77
52 76
91 92
8 23
49 68
4 18
16 43
9 41
65 68
39 99
35 65
68 78
35 42
24 62
31 90
43 88
4 50
52 95
8 82
100 100
80 97
63 99
12 72
31 32
7 89
24 24
26 55
36 52
33 70
56 73
26 49
41 47
14 35
27 30
48 97
62 68
21 88
61 84
14 90
38 68
78 93
83 99
30 99
67 67
18 46
56 64
45 92
30 91
45 79
21 72
49 50
47 49
2 40
18 43
55 59
21 51
15 20
6 67
46 89
56 96
6 30
18 63
39 93
28 51
15 25
22 96
66 95
69 86
25 83
22 65
65 76
9 62
35 70
24 33
39 92
68 89
9 39
48 92
46 71
11 13
77 98
21 96
11 39
61 91
34 81
92 95
47 61
48 76
16 88
4 21
58 84
21 65
53 85
4 30
25 90
25 39
64 79
79 96
50 83
7 82
32 54
40 43
2 90
23 94
58 98
13 54
4 6
26 36
56 97
38 95
53 56
31 86
1 47
6 58
46 46
74 79
4 92
42 71
28 92
12 58
73 64
23 34
40 53
47 64
24 42
31 59
19 35
29 60
26 32
8 48
5 19
6 13
1 11
12 30
30 56
10 60
9 29
16 19
22 64
29 52
16 55
14 60
6 15
19 20
9 22
12 50
9 32
13 32
2 47
11 21
10 24
6 57
21 31
23 24
14 55
18 24
6 53
25 31
15 37
49 54
52 58
57 60
24 46
26 57
22 55
12 23
56 60
19 28
1 32
17 19
19 37
42 48
19 63
40 63
10 41
28 60
63 64
41 43
25 46
38 40
30 33
25 27
36 59
26 61
22 23
17 19
48 63
18 37
56 56
31 56
32 51
31 47
6 23
21 55
100 10
5 5
4 9
4 7
5 6
1 7
3 10
1 5
6 9
6 8
4 10
1 4
2 7
4 7
1 10
2 9
6 8
5 10
3 5
2 5
5 9
5 7
1 6
9 10
3 8
10 10
9 10
4 9
2 9
2 4
5 8
1 3
1 7
2 8
7 7
1 8
5 10
8 9
3 5
2 4
8 9
6 10
3 4
2 2
6 7
5 7
1 2
3 10
4 8
5 6
4 4
1 8
3 7
6 9
2 6
4 10
2 8
8 8
2 5
4 6
1 4
2 10
7 9
1 2
4 8
7 8
4 6
8 10
5 9
3 7
1 9
3 4
7 8
8 10
3 6
1 3
9 9
2 3
7 9
2 6
7 10
1 5
1 9
1 10
4 5
3 3
2 3
6 7
3 9
6 10
3 8
7 10
2 10
4 5
6 6
2 7
5 8
3 6
3 9
1 6
1 1
100 100
18 85
36 98
8 41
6 48
39 92
6 14
25 92
1 73
20 61
31 53
38 88
29 38
23 78
4 99
62 89
38 41
23 78
8 41
53 98
83 90
44 60
12 97
19 84
29 99
75 83
30 68
4 72
77 91
4 99
1 54
11 22
71 72
37 96
17 25
7 86
36 98
1 32
38 81
2 100
77 91
36 83
13 87
83 90
10 50
6 48
12 97
71 72
45 68
2 82
38 81
63 93
37 96
13 87
2 82
44 60
62 89
19 84
75 83
36 83
7 57
56 97
25 92
4 72
20 61
6 14
67 68
1 32
56 97
1 73
71 75
31 53
38 41
10 50
18 85
17 25
45 68
38 72
29 99
30 68
63 93
78 87
29 38
11 22
71 75
7 57
21 76
53 98
67 68
35 80
2 100
38 88
78 87
21 76
39 92
1 54
6 75
35 80
6 75
38 72
7 86
100 100
1 30
1 1
1 85
1 13
1 95
1 61
1 86
1 62
1 91
1 8
1 64
1 60
1 49
1 46
1 28
1 54
1 77
1 47
1 29
1 52
1 2
1 41
1 48
1 73
1 3
1 99
1 50
1 76
1 45
1 83
1 57
1 42
1 22
1 36
1 84
1 23
1 35
1 87
1 74
1 82
1 93
1 70
1 89
1 19
1 27
1 14
1 11
1 78
1 51
1 69
1 44
1 58
1 40
1 81
1 68
1 31
1 55
1 33
1 25
1 100
1 56
1 12
1 24
1 34
1 16
1 59
1 80
1 92
1 38
1 88
1 5
1 79
1 90
1 37
1 98
1 10
1 17
1 94
1 39
1 20
1 63
1 21
1 4
1 18
1 53
1 75
1 26
1 6
1 7
1 67
1 43
1 66
1 96
1 65
1 9
1 97
1 72
1 15
1 32
1 71
74 36
23 33
25 36
10 21
5 24
10 30
20 26
4 13
30 32
4 25
21 29
26 31
4 17
4 18
3 35
7 26
16 29
9 24
21 28
30 30
4 35
8 12
5 8
17 29
11 16
6 18
4 30
3 18
19 25
20 32
7 11
2 3
4 10
24 30
1 36
6 14
1 27
12 23
28 34
16 36
1 35
22 30
8 15
10 17
28 36
12 29
3 35
28 28
11 34
2 5
11 14
12 34
9 17
12 18
1 11
16 29
18 22
35 36
18 24
2 7
6 22
8 23
2 24
1 12
8 32
7 24
28 30
8 19
13 32
3 9
2 31
24 35
14 20
5 18
17 18
100 20
3 12
13 18
6 6
7 19
7 13
2 8
4 15
2 16
6 11
15 15
14 14
4 4
6 11
10 13
7 17
3 14
2 18
1 4
6 12
2 9
4 16
8 17
2 3
15 16
7 9
5 12
16 17
8 17
2 10
3 9
4 7
1 12
13 15
7 11
2 14
13 20
4 19
4 11
14 19
7 17
5 11
15 18
6 13
1 18
6 8
10 19
2 14
11 11
16 20
6 19
11 13
15 19
8 16
8 14
4 15
8 14
4 17
5 16
7 13
7 9
7 8
3 12
9 11
11 16
5 20
2 6
3 10
1 5
3 15
1 2
3 4
3 9
4 12
2 3
6 13
6 7
1 4
2 19
4 12
3 20
13 15
4 6
3 11
3 8
1 18
5 12
16 18
5 18
9 17
12 17
6 7
3 4
11 16
17 20
7 19
13 19
11 12
18 19
11 13
7 20
100 100
12 23
38 62
23 84
44 82
38 62
82 94
12 18
19 84
24 49
13 75
82 94
86 88
76 89
24 49
44 82
48 63
13 75
21 44
50 86
13 40
10 98
76 88
22 70
69 94
48 63
8 93
9 95
8 93
56 67
88 95
4 72
49 61
18 64
20 76
13 40
58 80
16 56
4 72
6 94
49 61
66 83
18 47
23 84
3 53
55 77
72 86
12 18
3 71
78 100
69 94
78 100
20 76
56 67
81 85
76 88
77 91
12 23
18 64
21 67
9 95
8 28
15 82
63 86
33 71
29 81
15 82
50 86
30 81
21 44
63 86
3 53
10 98
55 77
11 58
58 80
30 81
3 71
80 95
16 56
81 85
66 83
33 71
9 48
72 86
19 84
29 81
18 47
88 95
53 71
22 70
11 58
76 89
77 91
86 88
9 48
80 95
6 94
53 71
21 67
8 28
100 100
75 90
66 83
60 94
67 94
71 79
68 88
54 74
61 87
57 81
57 57
55 89
57 65
51 84
88 93
67 71
50 60
53 60
55 62
56 63
95 96
73 92
68 97
62 69
63 74
82 86
59 97
59 77
59 97
66 72
67 93
54 100
77 93
69 76
69 70
66 96
52 62
99 100
93 98
59 79
73 85
71 73
72 76
69 70
56 57
52 86
66 90
55 58
73 75
55 92
61 95
78 82
63 82
54 61
56 61
75 95
63 99
69 88
50 79
96 99
64 79
85 86
92 93
51 64
50 61
51 59
55 98
52 74
92 93
73 91
90 99
84 97
62 88
61 73
72 79
85 100
72 96
55 92
98 99
67 97
67 70
50 71
54 99
51 97
75 83
61 74
77 82
77 83
59 77
55 98
60 63
77 98
66 83
79 96
56 96
54 67
73 75
50 97
75 99
65 76
51 65
100 100
22 73
13 13
31 90
13 79
56 69
13 48
11 52
39 82
75 96
56 62
22 76
19 81
23 64
34 89
31 58
61 97
46 86
13 41
12 25
20 55
64 93
12 51
79 100
42 68
90 98
8 68
45 51
71 99
56 85
17 95
39 55
31 92
3 62
51 51
71 98
75 87
75 94
52 80
27 41
36 40
43 82
40 63
36 83
21 40
27 77
56 72
68 82
47 64
56 59
8 41
19 46
57 80
45 49
3 72
16 40
25 28
70 97
32 36
68 77
36 74
38 77
65 68
45 98
69 86
7 16
58 68
29 43
21 70
10 61
66 91
73 76
60 78
71 82
18 84
1 60
3 29
4 85
4 73
25 62
79 91
20 28
21 34
11 19
67 96
35 89
78 96
24 48
7 76
57 70
52 97
47 91
8 57
14 43
29 47
47 98
26 37
30 50
79 93
74 83
4 95
64 100
20 59
24 65
22 64
19 59
25 63
23 60
23 64
22 61
25 60
20 60
25 62
23 59
24 60
25 65
26 62
20 63
19 61
24 61
25 59
20 61
20 65
23 61
24 66
21 59
25 64
24 63
21 63
26 63
19 60
21 62
26 59
22 62
26 66
20 62
26 64
23 62
24 62
25 61
23 66
25 66
22 59
21 61
26 60
21 65
23 63
21 60
23 65
22 60
22 66
22 65
26 61
21 66
19 63
19 66
19 64
19 65
26 65
20 64
21 64
20 66
19 62
24 64
22 63
24 59
100 100
2 72
18 24
37 60
10 25
36 38
39 59
18 45
56 83
86 87
33 86
26 27
49 71
7 34
30 95
14 32
7 20
57 70
75 81
68 76
19 68
20 85
46 96
64 81
19 67
14 67
40 78
13 72
72 80
28 95
35 86
48 57
42 74
33 36
18 98
38 78
3 81
40 83
9 43
3 91
68 89
42 47
16 86
58 87
46 74
2 57
14 76
78 92
63 100
25 88
41 76
10 69
68 93
3 32
35 46
46 98
8 55
1 19
49 78
17 75
26 69
23 86
44 54
8 72
38 68
24 24
11 16
35 39
38 82
83 95
15 91
9 81
14 27
63 72
62 64
45 55
28 43
16 97
18 93
45 59
12 83
41 49
22 82
29 78
30 49
23 27
34 69
14 51
89 96
65 89
25 37
22 27
25 75
38 52
8 68
93 98
96 98
85 88
3 11
56 82
25 97
100 100
28 29
71 72
44 45
39 40
81 82
33 34
40 41
23 24
51 52
83 84
64 65
67 68
79 80
70 71
85 86
42 43
72 73
88 89
94 95
75 76
61 62
69 70
60 61
74 75
91 92
27 28
10 11
29 30
63 64
22 23
3 4
34 35
54 55
59 60
43 44
14 15
9 10
76 77
31 32
62 63
68 69
37 38
7 8
47 48
95 96
30 31
17 18
92 93
38 39
41 42
87 88
82 83
77 78
18 19
5 6
36 37
13 14
66 67
26 27
55 56
56 57
96 97
86 87
99 100
58 59
78 79
24 25
16 17
19 20
1 2
46 47
4 5
20 21
25 26
98 99
73 74
93 94
53 54
80 81
84 85
6 7
15 16
32 33
8 9
52 53
12 13
57 58
89 90
97 98
1 100
35 36
90 91
49 50
48 49
11 12
65 66
2 3
21 22
50 51
45 46
10 92
18 58
5 58
9 41
17 59
4 33
48 81
6 79
34 72
16 35
78 90
100 11
7 9
4 10
10 10
2 7
8 10
3 5
1 4
5 11
3 4
1 1
2 4
7 10
7 7
2 9
1 9
4 6
7 8
5 5
1 6
2 11
2 5
1 6
8 8
8 9
2 8
10 11
3 6
1 10
4 11
3 7
6 11
9 10
1 4
6 10
5 6
1 9
2 10
4 11
8 10
7 9
4 10
3 10
1 3
6 9
4 5
2 3
2 6
3 10
7 10
4 9
5 8
1 5
1 7
2 10
1 8
7 8
4 8
5 9
3 7
9 11
2 2
5 6
2 6
3 3
3 4
7 11
2 7
5 11
6 10
5 10
1 3
2 3
10 11
8 11
4 8
3 9
6 8
5 8
9 11
1 10
3 11
5 10
6 6
5 7
8 11
5 7
3 11
4 6
1 5
9 9
2 5
4 9
4 5
6 9
2 4
3 6
5 9
2 9
11 11
1 8
100 12
2 4
5 7
6 10
1 11
9 12
4 9
4 6
10 10
5 5
2 7
8 9
1 5
8 12
1 12
3 10
6 10
4 11
7 8
7 11
6 11
3 3
9 12
7 12
7 10
8 10
6 9
5 10
6 6
1 6
9 11
1 11
2 6
8 9
10 12
1 8
1 10
5 8
4 12
1 1
10 11
4 6
2 5
4 8
6 7
9 10
2 10
2 9
4 7
6 7
5 9
4 12
2 4
6 12
2 12
5 11
2 3
6 8
8 10
5 8
3 7
2 7
8 11
8 12
3 7
3 6
7 9
5 9
1 4
8 11
7 11
1 8
3 4
3 12
2 9
4 5
3 10
4 8
9 11
7 12
2 10
4 5
5 10
4 7
1 9
4 9
1 4
11 12
1 12
6 8
7 8
1 5
2 8
5 7
7 7
2 6
3 5
1 7
5 12
9 9
6 12
100 100
42 95
1 78
13 47
50 66
11 59
52 60
89 95
30 96
64 75
39 82
52 62
12 16
42 95
52 58
18 37
18 37
38 59
89 93
62 78
14 71
21 93
28 59
36 38
47 65
7 12
6 20
12 75
89 95
52 60
6 98
62 78
38 59
10 60
30 96
64 74
69 100
46 62
52 62
10 95
15 66
76 92
3 6
24 81
11 59
76 92
24 81
45 80
89 93
54 63
34 99
12 16
3 6
50 66
75 87
40 47
62 81
6 98
69 100
36 38
10 60
15 66
65 95
34 99
48 50
13 47
54 63
1 78
47 65
39 82
75 87
10 23
22 54
48 50
73 76
73 76
12 75
7 12
80 95
80 95
40 47
64 75
65 95
22 54
52 58
21 93
64 74
31 50
31 50
62 81
10 95
45 80
61 95
25 85
6 20
28 59
10 23
14 71
61 95
25 85
46 62
100 100
2 2
2 60
2 50
1 59
1 83
2 74
1 19
2 54
1 7
1 67
2 58
1 57
1 15
2 24
2 76
1 11
2 70
2 8
2 10
1 33
2 44
1 47
2 46
1 85
1 53
1 21
1 97
1 29
2 78
1 13
2 48
1 35
1 43
1 41
2 100
1 55
1 69
1 87
2 18
2 92
1 81
2 36
1 27
2 40
2 68
2 86
2 82
1 99
2 96
1 65
2 94
1 93
2 56
1 89
2 4
2 30
1 31
2 38
2 88
1 3
2 20
2 64
2 32
2 14
1 39
2 98
2 42
1 5
1 63
1 95
1 9
2 12
1 61
2 80
1 51
1 37
1 17
1 49
2 72
2 6
1 71
1 73
2 62
2 52
1 45
2 66
2 26
1 1
1 79
1 91
1 25
2 34
1 75
2 22
2 16
2 28
2 84
1 77
2 90
1 23
13 77
47 58
47 66
31 54
26 65
28 69
4 49
19 29
13 66
8 48
24 27
13 75
68 70
20 72
100 100
16 65
57 90
27 38
2 72
45 97
78 92
61 77
23 95
23 33
41 41
64 99
23 89
55 62
7 16
68 73
41 73
19 84
36 82
9 22
39 54
8 34
24 89
48 74
59 60
31 51
7 8
20 63
25 91
1 63
1 100
9 24
50 69
39 52
36 60
81 82
10 35
10 79
11 95
4 90
7 28
71 95
34 90
2 84
34 53
62 68
26 92
31 50
40 66
16 25
66 87
82 96
1 9
3 70
9 90
22 61
4 31
77 90
71 87
14 66
57 82
6 17
3 82
1 77
10 60
16 20
37 80
64 66
61 96
50 79
73 100
64 68
13 81
65 99
8 37
12 60
11 47
51 70
11 87
63 72
46 75
34 39
53 54
60 82
62 98
19 79
22 34
71 86
46 85
53 81
85 94
34 40
56 75
39 46
89 93
4 78
55 63
59 80
17 37
23 62
43 62
94 18
10 12
13 16
14 16
10 17
1 2
12 13
6 16
9 18
8 15
9 14
8 13
5 14
3 15
10 16
7 18
6 14
2 10
2 12
14 16
1 3
12 16
2 2
5 10
9 18
2 5
7 12
5 11
4 17
9 11
2 18
1 4
3 7
3 18
2 15
10 12
3 13
2 11
9 14
2 16
5 11
16 18
2 9
7 14
10 13
6 15
13 17
3 15
1 9
9 12
1 12
1 14
8 16
6 16
13 18
14 15
12 16
3 9
2 7
4 18
6 17
11 12
2 18
7 15
5 12
5 13
14 15
16 18
5 9
12 18
9 11
1 15
6 17
4 18
6 9
13 18
8 16
4 8
7 16
7 12
3 12
8 9
2 7
6 10
8 14
3 5
8 17
11 12
4 9
2 5
3 11
10 11
9 16
5 9
5 10
90 14
10 11
7 8
8 12
10 10
2 7
13 13
9 13
5 8
11 11
2 8
6 10
7 12
2 12
1 3
9 14
4 12
3 4
8 13
11 13
7 9
10 12
4 12
1 11
2 14
3 9
5 10
10 11
7 10
9 12
2 3
2 13
3 12
5 5
1 9
2 6
11 14
8 11
5 6
3 11
3 5
6 14
9 14
4 14
13 14
5 13
5 9
1 9
8 13
1 10
5 13
3 6
4 8
7 13
2 10
7 11
8 10
6 8
4 14
1 2
6 13
6 10
3 9
1 13
14 14
11 12
9 13
8 14
3 8
4 4
6 8
2 13
3 6
4 8
3 8
3 10
4 7
6 9
7 7
9 10
3 14
8 10
5 11
6 13
12 12
1 5
2 14
5 12
4 11
8 14
1 3
100 100
70 70
53 53
16 16
11 11
3 3
86 86
14 14
57 57
40 40
36 36
56 56
44 44
31 31
23 23
6 6
77 77
17 17
46 46
26 26
67 67
63 63
4 4
8 8
38 38
15 15
69 69
13 13
42 42
19 19
62 62
48 48
49 49
65 65
64 64
21 21
92 92
9 9
10 10
5 5
12 12
27 27
74 74
54 54
93 93
83 83
100 100
99 99
98 98
39 39
25 25
90 90
24 24
20 20
73 73
50 50
37 37
68 68
95 95
47 47
58 58
61 61
18 18
34 34
84 84
94 94
81 81
80 80
76 76
79 79
78 78
28 28
82 82
51 51
71 71
22 22
45 45
52 52
75 75
60 60
91 91
41 41
85 85
66 66
35 35
2 2
59 59
72 72
7 7
1 1
43 43
87 87
30 30
29 29
96 96
32 32
33 33
88 88
55 55
89 89
97 97
100 100
34 68
87 98
25 49
13 57
83 100
55 59
17 80
17 33
7 50
80 91
34 74
34 68
3 47
11 100
71 90
51 55
17 33
55 80
36 46
66 94
46 68
46 68
25 48
57 68
45 95
28 83
39 100
73 81
73 81
36 46
85 98
51 55
32 82
8 98
28 83
89 96
8 98
30 100
6 92
9 60
19 59
31 81
83 100
10 60
11 100
25 55
32 82
25 55
63 86
20 33
71 90
56 75
63 86
59 97
80 91
71 91
45 95
56 75
85 98
25 48
71 91
86 100
25 49
19 62
10 60
19 59
57 68
86 100
13 57
9 60
11 74
46 47
3 47
55 80
14 24
4 68
55 59
17 80
17 97
4 68
19 62
5 49
89 96
7 50
20 33
16 99
11 74
14 24
17 97
46 47
16 99
39 100
30 100
87 98
59 97
5 49
31 81
34 74
66 94
6 92
100 13
5 5
5 13
11 11
4 8
3 9
6 6
4 8
1 3
3 5
5 7
1 12
2 13
10 12
8 9
2 5
11 13
8 12
2 10
7 12
2 9
3 6
2 2
2 4
9 11
2 12
1 7
4 13
12 12
1 5
11 13
5 12
8 10
7 12
5 9
6 12
8 13
2 7
1 2
6 11
9 12
6 10
6 12
5 11
12 13
3 6
5 11
1 9
9 11
4 10
9 12
3 3
2 12
3 7
7 11
6 8
4 13
2 5
1 8
6 10
3 7
5 9
1 4
5 6
3 4
1 6
8 13
4 6
2 7
2 13
7 11
1 6
9 13
1 11
8 12
2 9
1 13
2 3
9 10
1 7
7 9
6 7
9 10
5 8
3 13
4 5
1 2
1 12
3 9
5 6
3 4
10 12
9 13
4 9
13 13
8 11
5 13
3 5
1 4
8 8
5 12
2 2
2 2
1 1
100 100
56 61
27 98
59 76
19 37
79 96
53 79
43 61
14 74
76 96
9 53
81 94
21 27
39 87
10 86
12 92
6 72
23 80
47 52
66 86
82 86
49 86
73 90
4 24
42 89
51 69
25 59
34 46
7 16
40 84
44 95
28 45
43 100
18 97
44 78
5 99
3 26
13 93
78 92
7 67
21 95
58 60
2 17
4 68
91 94
50 79
66 83
14 84
6 95
32 57
3 5
36 85
11 54
52 56
1 87
31 49
23 74
27 48
39 47
79 86
95 97
16 68
52 64
22 26
22 29
32 43
66 71
19 54
8 13
77 90
41 55
81 84
55 64
42 82
75 95
31 58
6 10
30 67
36 41
40 77
29 45
38 62
3 15
11 88
26 63
35 80
26 82
62 86
15 65
55 79
31 69
34 97
20 46
45 77
79 93
33 54
24 46
19 100
11 17
23 70
69 87
100 100
22 91
21 35
28 48
66 74
7 69
25 72
44 78
7 14
11 16
13 96
32 69
11 76
26 39
18 37
7 55
73 75
21 88
30 53
54 65
26 28
67 75
19 68
35 60
32 61
54 87
51 80
1 59
14 86
63 78
41 50
36 62
79 79
40 84
57 76
21 81
35 89
26 85
65 76
51 65
3 80
21 28
12 77
55 90
34 90
36 68
14 27
83 87
37 78
42 81
65 73
11 58
21 54
22 48
43 61
3 21
43 89
16 77
9 67
52 68
32 33
63 64
62 84
9 23
47 94
36 59
24 31
27 31
34 100
51 87
15 81
9 92
41 65
3 83
10 98
9 95
32 49
52 58
56 86
82 96
80 98
7 56
76 98
11 93
45 91
11 56
6 71
25 52
19 92
32 95
4 14
37 39
68 89
30 47
23 44
5 71
44 83
21 40
11 46
28 36
6 19
100 100
4 91
14 20
59 87
7 46
4 91
13 47
42 82
86 93
38 82
46 83
54 78
65 100
65 100
63 95
2 46
16 42
52 92
75 76
10 89
65 72
68 80
63 95
42 82
4 57
40 63
41 46
27 50
6 7
77 92
14 20
8 59
40 85
2 46
56 69
59 87
26 64
5 61
40 63
45 92
22 52
8 100
33 98
22 52
14 34
20 52
41 59
52 77
44 46
41 46
14 34
7 85
45 92
56 69
29 35
40 85
8 100
46 83
14 87
65 72
27 50
41 59
13 47
32 83
64 95
7 46
75 76
38 82
9 97
20 52
67 78
14 87
32 83
6 7
64 95
22 47
33 98
16 52
52 92
44 46
4 57
16 70
10 89
16 42
16 52
16 70
77 92
19 25
86 93
19 25
29 35
52 77
54 78
7 85
22 47
67 78
26 64
9 97
5 61
68 80
8 59
100 100
22 53
36 89
24 36
27 98
82 87
15 93
8 23
59 71
27 74
21 60
18 79
75 96
65 87
26 83
2 91
6 61
1 3
36 86
15 76
5 85
85 85
3 77
40 94
54 54
12 23
14 37
34 66
4 67
46 66
36 61
43 60
67 98
48 89
19 47
3 62
11 13
16 61
18 58
2 29
14 97
63 76
35 64
40 97
36 91
31 87
26 72
1 7
53 55
54 56
16 39
16 51
64 66
33 41
45 92
41 50
14 56
77 78
7 88
34 54
36 77
45 68
19 40
58 96
51 54
21 75
3 82
25 46
48 92
45 52
29 84
20 100
45 58
13 71
1 74
29 34
32 55
54 69
23 37
8 71
7 28
8 97
58 89
60 64
30 89
3 52
12 96
38 55
4 26
38 96
22 51
38 89
23 57
45 79
19 21
31 93
3 84
42 44
37 69
16 67
12 100
82 79
32 41
5 70
72 73
5 10
16 22
29 56
20 61
30 62
16 59
7 37
38 54
39 46
13 13
47 59
26 66
37 56
25 60
17 58
51 57
4 36
43 62
9 72
10 53
5 39
7 49
53 74
35 67
24 42
24 52
14 67
9 27
36 52
14 42
12 70
22 76
35 52
1 49
37 65
48 57
26 62
41 72
14 26
29 58
1 68
45 60
9 27
59 61
20 56
34 47
6 70
6 37
38 64
2 59
13 55
14 53
14 19
63 71
24 73
41 58
51 74
8 58
63 74
21 34
48 75
28 54
19 42
27 72
31 34
11 15
20 44
37 74
11 56
38 67
7 28
20 46
40 72
6 61
2 62
18 70
31 73
11 13
3 55
100 100
2 43
26 73
15 27
45 78
49 58
65 76
19 88
13 35
21 33
57 64
51 55
19 94
3 71
9 74
48 66
66 90
49 85
26 85
16 67
37 56
33 88
75 77
29 76
7 25
9 30
23 63
52 88
25 99
13 88
42 62
87 91
74 92
19 37
9 45
52 91
39 71
29 54
5 81
74 79
33 89
28 68
68 77
2 7
72 78
31 62
46 75
16 60
28 33
4 31
11 16
63 66
28 72
69 88
9 24
16 60
14 76
6 8
14 39
32 44
31 76
41 48
50 56
70 93
22 58
42 62
28 72
16 87
79 100
37 62
57 60
9 34
41 51
57 76
57 70
43 45
41 61
40 44
5 99
14 75
15 19
17 22
35 81
2 19
67 91
2 98
14 58
61 90
26 32
27 27
10 11
18 49
23 39
60 82
4 90
11 45
32 48
46 50
19 35
32 53
56 89
100 14
4 8
6 11
3 7
8 13
7 8
7 12
5 12
11 12
4 12
3 8
6 12
1 8
5 6
9 11
6 11
3 10
2 9
1 6
4 7
10 12
5 7
10 13
3 6
4 14
8 13
2 5
8 14
3 14
10 14
8 9
1 2
5 14
3 4
8 14
5 9
10 14
2 2
1 9
4 10
14 14
1 5
11 12
2 6
12 12
2 7
7 8
3 11
6 7
1 10
8 9
4 9
1 10
4 7
4 6
10 13
2 14
9 13
11 13
6 7
1 1
1 13
7 12
2 8
4 11
7 7
5 12
3 13
2 5
8 12
6 8
13 14
6 12
11 11
1 9
6 13
5 6
7 10
9 12
2 3
5 14
5 10
11 13
2 6
4 14
9 10
5 8
8 11
5 13
3 7
1 8
4 8
5 13
9 9
4 6
3 3
5 9
1 11
1 6
2 13
8 12
52 73
1 32
26 66
22 25
9 23
38 57
18 50
48 68
20 57
22 41
10 26
36 68
44 52
32 68
41 48
3 66
29 73
1 42
20 24
50 58
12 71
52 63
21 33
17 21
3 10
2 4
27 31
15 26
23 63
3 17
48 64
35 49
53 54
24 62
7 8
29 48
8 42
35 70
22 57
10 30
36 73
33 46
42 66
32 45
31 39
9 70
2 55
1 44
31 35
17 52
23 55
20 38
4 26
36 100
24 71
21 73
24 69
22 72
22 69
21 71
24 72
23 72
26 73
24 73
21 70
26 72
25 69
24 70
25 73
21 69
26 69
23 70
25 70
23 69
25 71
23 73
25 74
22 71
23 74
26 70
26 74
22 73
25 72
22 70
21 74
21 72
23 71
24 74
26 71
22 74
83 85
77 80
81 83
5 84
82 84
56 69
34 34
1 75
26 78
56 64
15 19
33 65
13 57
23 76
34 42
24 48
20 77
27 72
23 62
43 61
8 34
17 67
5 31
30 37
36 59
31 80
22 72
31 45
48 56
52 71
38 84
47 54
42 77
6 19
19 53
36 70
39 79
55 85
1 25
79 83
38 64
13 82
65 80
4 76
30 79
21 40
53 75
14 80
4 55
16 83
38 65
44 62
21 70
8 52
14 77
12 31
37 47
51 77
7 74
60 82
55 59
17 24
75 76
20 78
21 29
40 79
36 40
39 84
47 59
34 68
14 63
9 85
9 30
36 39
38 60
27 78
20 56
33 48
16 56
51 74
2 84
8 75
4 33
1 40
83 68
3 61
6 16
52 62
17 18
57 64
44 65
16 55
2 12
20 56
41 53
64 66
6 41
29 38
56 63
58 60
22 61
39 65
20 65
20 37
11 51
14 43
11 17
16 43
36 51
20 45
22 44
7 64
5 7
12 56
29 49
33 44
62 64
3 67
47 50
1 1
17 61
4 66
10 11
32 49
5 58
18 47
9 23
32 38
12 29
39 49
2 41
17 47
2 58
12 13
3 42
42 61
22 30
45 67
8 53
14 67
26 65
41 61
34 52
15 47
13 36
33 66
10 17
23 48
14 31
9 40
40 52
44 68
30 50
29 35
55 58
4 65
7 49
50 63
5 67
15 56
64 66
55 67
54 58
3 5
25 50
40 40
11 47
21 42
14 48
21 47
5 16
6 48
22 40
3 5
3 37
7 12
17 23
25 27
24 36
22 34
39 47
1 21
2 41
4 2
1 2
1 1
2 2
1 2
100 100
50 71
50 71
87 98
6 71
36 47
20 36
7 17
51 84
8 37
59 71
8 37
9 12
25 58
2 40
1 57
35 72
44 99
31 93
40 59
54 69
33 81
2 40
7 62
22 71
53 97
32 88
50 52
6 44
38 39
76 87
87 98
4 24
63 89
30 86
56 83
51 84
15 68
53 63
6 71
31 93
27 68
7 51
15 68
23 46
38 39
30 86
1 57
20 49
25 59
76 87
7 51
36 47
27 68
12 16
52 72
4 24
12 16
40 59
39 47
22 71
33 81
25 43
15 40
20 49
56 83
59 71
21 72
54 81
54 69
39 95
7 62
39 47
54 81
53 97
16 100
23 46
21 72
50 52
32 88
10 87
53 63
9 12
4 79
20 36
10 87
4 79
52 72
44 99
39 95
25 58
25 59
97 100
97 100
7 17
35 72
25 43
6 44
63 89
15 40
16 100
100 100
53 92
63 67
58 71
65 74
57 74
52 89
59 87
91 92
88 95
53 88
66 97
66 93
54 57
86 98
70 88
82 97
79 91
68 82
74 78
76 86
75 84
53 83
62 83
76 92
80 86
71 71
68 84
55 76
71 80
52 68
83 98
66 87
54 91
67 88
80 84
58 100
57 86
54 58
69 69
86 94
50 90
80 96
68 73
81 81
51 72
83 98
54 70
56 69
84 90
69 89
60 69
79 85
71 78
60 61
51 65
84 86
71 92
68 81
55 85
57 74
65 92
63 83
63 69
63 93
54 59
54 72
51 94
64 84
59 71
78 96
54 100
63 70
77 93
56 92
79 100
50 90
62 63
51 95
50 64
51 71
71 89
56 78
80 89
87 92
75 96
66 87
59 63
58 94
65 74
90 97
72 97
58 70
70 92
92 92
67 85
88 89
60 97
63 80
56 86
61 88
100 100
8 34
40 78
51 65
23 46
51 63
2 45
14 25
64 98
47 77
9 66
19 72
2 56
17 44
7 76
87 98
4 59
23 40
17 91
2 82
25 39
11 72
24 30
25 30
80 95
19 30
11 45
37 71
14 80
23 90
69 92
69 79
81 98
28 54
79 87
46 84
64 77
30 88
20 49
16 82
83 91
24 95
42 42
17 93
8 20
45 66
54 90
54 80
65 88
21 33
36 63
66 97
17 40
14 45
35 71
2 18
35 80
27 94
25 86
36 71
4 34
34 55
13 90
53 73
29 83
26 61
41 75
6 96
43 95
21 62
33 72
67 86
40 43
21 22
10 14
4 40
10 13
69 69
13 98
11 58
66 83
41 67
25 75
65 84
76 84
6 46
80 91
23 93
7 89
36 84
16 85
9 29
9 61
5 87
26 70
79 83
16 98
60 99
47 75
61 65
4 35
95 39
15 20
5 39
5 19
22 33
15 33
33 37
27 35
32 34
19 22
15 23
22 31
4 34
18 25
12 34
13 37
30 33
24 30
14 25
3 39
26 32
11 27
4 4
23 25
37 37
16 32
15 32
6 11
25 39
29 37
36 38
16 29
3 5
22 36
7 30
6 13
10 39
16 21
10 26
8 11
22 30
30 38
19 19
5 17
30 38
26 35
5 10
12 30
16 25
1 8
38 38
10 20
15 16
1 25
11 12
3 27
6 31
23 26
3 19
4 14
14 34
6 15
17 27
10 29
13 16
7 18
25 27
2 4
19 28
1 29
9 38
10 34
13 22
26 27
16 25
18 30
24 30
17 33
6 27
12 27
2 34
21 21
6 36
18 20
9 29
17 18
32 38
13 20
22 29
5 13
7 33
18 27
15 32
22 23
9 26
8 28
4 100
26 77
26 78
25 77
25 78
32 16
3 9
4 13
2 13
12 13
7 15
9 11
4 4
4 16
14 15
2 11
2 13
3 8
2 12
4 7
4 7
1 9
9 16
7 16
2 2
10 12
6 16
1 14
3 14
4 16
9 13
8 16
1 7
3 10
9 14
10 10
7 11
6 9
100 100
46 93
74 86
44 88
39 42
24 30
27 69
38 65
10 49
18 95
26 91
28 93
33 55
79 83
34 44
17 64
62 75
3 89
18 94
5 67
20 28
70 89
67 100
44 57
27 29
50 99
57 61
24 67
24 77
29 38
94 96
16 64
69 76
41 53
12 80
61 91
6 30
58 77
39 59
20 70
70 84
13 53
15 39
18 84
14 78
15 47
40 60
76 78
62 81
23 84
15 22
41 88
6 39
13 19
52 73
46 51
37 56
58 73
10 63
7 95
6 92
1 61
35 87
46 58
36 69
1 92
12 22
62 89
37 53
14 71
30 95
50 91
59 99
31 57
18 46
31 61
33 91
23 63
34 35
8 52
55 70
3 6
59 69
27 62
11 99
1 34
6 89
23 94
41 59
36 71
41 71
75 75
63 98
23 33
90 100
8 38
36 81
39 41
33 94
47 81
19 95
30 6
3 5
4 5
2 6
1 4
1 3
3 4
1 2
2 4
5 6
4 6
1 4
1 5
3 6
2 5
1 5
2 6
3 5
4 6
1 3
1 6
1 6
2 3
3 4
4 5
5 6
2 4
3 6
2 3
2 5
1 2
2 2
1 2
1 2
100 15
7 13
4 11
6 7
7 7
1 6
4 8
11 15
9 15
7 10
7 13
8 11
3 3
12 15
4 7
11 15
8 10
4 10
8 8
14 14
1 14
4 10
1 15
7 12
7 11
1 9
2 10
6 15
1 10
4 14
9 14
7 14
5 7
2 7
2 5
4 5
3 9
11 12
5 6
7 8
11 13
1 10
4 12
6 12
3 9
10 13
4 15
5 15
10 11
4 13
1 4
1 14
6 9
1 2
5 6
6 10
11 13
2 2
1 4
6 15
2 6
12 13
4 4
8 14
9 9
8 12
7 14
1 13
3 8
5 15
5 11
9 12
15 15
5 12
1 1
7 10
3 14
2 7
4 12
4 7
8 12
8 13
1 12
6 13
11 11
5 7
2 6
6 11
9 11
2 9
5 10
6 13
4 14
4 15
4 8
11 12
3 5
5 8
4 13
10 11
1 13
100 100
37 95
42 78
28 68
44 76
39 71
1 100
25 67
47 82
81 84
11 38
9 88
33 43
5 66
23 58
41 87
29 48
22 84
18 53
15 38
33 43
14 27
4 55
43 67
47 82
6 62
44 76
58 66
34 46
42 78
6 42
45 81
45 81
70 75
58 75
33 53
14 27
20 49
29 48
21 43
15 38
3 24
31 97
11 38
83 91
67 76
67 76
58 66
34 46
25 67
36 37
39 71
9 88
72 95
21 43
83 91
1 92
14 82
5 66
6 42
49 69
31 97
77 88
77 88
1 100
77 79
43 67
70 75
1 92
4 53
4 55
13 22
22 84
28 68
18 53
13 22
32 63
20 49
22 50
68 78
72 95
59 63
59 63
68 78
81 84
23 58
79 82
3 24
14 82
4 53
79 82
22 50
36 37
33 53
32 63
77 79
6 62
49 69
58 75
41 87
37 95
100 100
35 41
66 74
52 59
45 53
39 74
78 84
5 39
8 88
23 34
43 80
10 75
9 13
26 56
9 39
9 97
12 22
2 38
56 95
21 23
16 83
52 67
30 94
36 56
17 75
56 69
61 99
26 93
55 72
40 51
49 81
24 24
67 99
25 74
6 94
24 41
23 38
29 59
12 29
77 96
37 85
72 72
2 30
20 54
30 38
61 65
37 83
29 49
29 76
59 99
47 62
73 92
47 66
10 15
69 82
2 58
77 91
21 85
2 71
83 95
28 39
55 69
12 16
47 75
1 96
15 31
13 13
39 88
7 41
31 53
15 31
47 89
78 80
57 68
11 85
13 56
48 91
9 39
38 78
8 16
43 48
19 49
6 60
7 58
40 52
9 96
30 75
16 70
31 57
29 40
50 61
21 71
27 45
61 62
10 88
57 63
23 56
21 67
22 50
12 46
18 71
84 45
4 26
32 32
16 20
9 36
8 14
37 37
9 26
22 27
11 18
21 23
20 30
6 44
16 17
4 6
22 42
11 25
1 42
17 36
4 10
1 25
24 41
17 31
27 34
10 21
26 31
8 30
3 24
27 33
2 22
6 33
8 38
12 28
11 40
1 41
6 15
3 28
10 33
11 43
13 18
33 41
30 39
17 24
1 34
15 21
30 38
39 41
4 9
18 38
10 23
25 44
16 26
16 39
20 27
25 40
13 18
12 43
29 42
10 35
11 25
10 43
4 35
5 35
22 32
1 33
7 33
5 17
6 40
8 37
12 34
10 21
40 41
17 32
5 37
2 28
39 43
39 39
13 24
3 43
7 18
18 39
32 42
24 26
19 25
22 37
56 8
6 8
4 7
2 8
7 8
5 7
1 3
2 4
1 5
1 5
1 6
6 7
3 5
2 4
1 3
1 4
1 8
2 5
4 6
1 7
3 8
2 6
4 5
4 8
3 8
1 2
6 7
1 2
2 8
3 7
1 6
2 3
2 7
5 8
3 4
1 7
2 5
4 8
6 8
2 3
5 6
3 6
4 5
5 8
7 8
1 4
2 6
5 6
3 6
3 4
3 7
2 7
1 8
4 6
3 5
5 7
4 7
100 100
39 62
34 67
22 79
25 76
40 61
28 73
33 68
26 75
15 86
4 97
49 52
15 86
3 98
11 90
36 65
19 82
9 92
2 99
35 66
7 94
23 78
38 63
50 51
20 81
45 56
28 73
13 88
35 66
47 54
23 78
8 93
17 84
9 92
34 67
31 70
31 70
48 53
43 58
39 62
27 74
25 76
6 95
6 95
37 64
18 83
32 69
5 96
19 82
21 80
46 55
38 63
3 98
10 91
12 89
47 54
10 91
42 59
1 100
48 53
44 57
14 87
33 68
29 72
7 94
21 80
45 56
14 87
30 71
17 84
42 59
22 79
16 85
41 60
18 83
20 81
16 85
8 93
26 75
44 57
50 51
1 100
37 64
29 72
27 74
40 61
11 90
36 65
4 97
13 88
5 96
41 60
24 77
30 71
46 55
43 58
24 77
32 69
12 89
2 99
49 52
87 27
8 19
12 23
5 14
15 17
3 27
7 25
17 20
1 7
14 19
8 12
2 14
6 25
4 22
10 11
19 23
3 11
8 13
17 24
6 16
6 26
9 26
17 25
12 13
9 11
8 10
4 9
8 14
11 25
5 22
4 27
9 15
15 25
5 10
3 22
17 18
11 15
15 24
14 22
12 19
16 17
15 27
6 25
5 24
5 8
9 11
3 6
7 14
5 18
11 21
20 20
2 7
2 19
1 18
11 12
4 26
17 25
3 8
24 25
3 24
4 11
17 20
10 27
11 16
13 27
11 25
1 9
5 24
18 26
8 25
3 27
3 10
11 22
6 17
22 27
6 20
24 27
7 8
2 21
15 22
14 20
17 19
10 12
3 8
14 21
3 16
9 26
11 24
12 79
29 65
37 37
31 78
24 71
3 45
49 69
9 30
7 79
66 69
4 8
60 70
54 62
84 55
13 52
32 41
9 38
32 48
1 3
24 34
27 37
40 43
15 40
17 23
10 35
19 38
51 52
30 51
29 54
22 23
20 46
22 24
20 21
29 31
35 48
20 37
39 53
20 52
21 33
38 54
23 31
25 49
8 54
5 34
13 33
18 50
31 55
17 44
12 53
6 32
50 51
13 49
6 42
35 55
5 15
3 50
19 32
16 18
3 55
4 26
3 34
7 19
30 35
16 28
14 19
10 54
28 35
2 2
10 48
10 37
10 30
22 23
13 51
18 48
49 50
8 39
7 52
13 14
8 55
4 25
13 45
12 37
9 22
36 40
18 34
47 48
4 22
11 48
19 53
14 40
24 52
12 26
30 37
23 31
13 31
32 49
17 51
25 41
83 91
53 76
41 78
7 83
27 28
46 69
43 50
32 88
19 64
10 30
45 49
36 82
4 52
9 51
43 47
8 47
4 48
28 78
23 76
21 52
43 83
13 65
57 80
7 88
40 52
12 65
66 77
2 21
5 10
86 90
43 62
19 45
1 6
5 72
57 58
79 83
31 90
28 65
70 88
35 41
20 38
66 89
32 36
15 84
26 49
6 9
53 73
33 91
73 83
7 84
55 58
51 55
42 51
23 46
39 85
7 58
22 83
76 80
55 72
44 86
65 80
9 19
71 86
46 56
15 75
23 91
38 72
11 18
39 65
5 22
26 33
34 48
18 51
52 55
4 68
29 41
40 74
61 64
36 73
48 71
52 74
11 75
33 46
27 65
22 46
38 42
15 22
3 43
9 17
5 42
31 44
3 42
8 43
9 25
14 43
6 33
8 16
6 22
12 45
10 33
7 39
34 38
20 36
23 24
22 25
19 37
14 20
100 100
10 28
3 59
79 83
68 76
56 70
56 70
24 51
27 74
58 95
19 53
3 43
3 59
29 51
19 68
34 94
9 56
33 53
3 43
56 61
1 41
29 97
13 64
39 97
36 83
5 24
39 48
57 85
68 76
34 94
40 46
31 43
17 47
9 56
31 43
24 51
17 91
57 85
37 87
8 55
8 55
17 47
27 74
2 44
36 83
39 97
13 64
18 21
40 82
18 21
62 64
8 97
59 73
10 28
23 97
29 97
19 53
40 85
8 97
2 24
59 78
22 39
2 44
4 5
1 41
21 99
17 91
42 53
59 73
79 83
33 53
21 99
19 68
4 5
62 64
61 66
42 53
2 24
23 97
74 77
12 16
35 71
37 87
39 48
40 82
59 78
5 24
74 77
61 66
29 51
35 58
49 58
35 71
56 61
12 16
58 95
49 58
35 58
22 39
40 85
40 46
2 100
1 2
1 1
100 100
31 93
50 90
10 58
11 59
87 95
15 63
79 100
15 35
9 52
5 65
21 61
41 52
2 28
16 76
3 53
11 12
24 86
78 81
81 82
5 50
78 97
66 95
54 96
56 73
8 27
35 75
3 56
88 90
73 86
22 88
60 79
11 15
46 82
31 61
4 69
33 68
16 23
16 25
9 50
53 81
60 96
64 100
45 59
27 37
3 53
38 80
15 23
40 94
53 64
14 88
25 40
55 87
43 92
22 60
66 96
40 79
30 56
7 30
1 7
27 60
65 78
15 68
46 82
20 46
30 91
57 97
56 91
34 70
61 66
39 55
62 82
22 59
15 90
13 98
24 94
28 43
23 34
10 49
4 54
18 36
35 85
56 81
14 56
28 82
76 93
9 63
28 80
50 50
72 99
20 81
19 66
28 36
28 80
84 96
3 27
47 63
8 42
40 53
28 62
49 55
100 100
29 72
20 53
52 63
29 30
65 96
16 45
66 78
4 65
20 45
17 88
25 51
5 67
21 24
21 69
73 84
17 62
20 81
45 90
9 89
90 98
19 28
47 73
38 47
3 36
12 30
5 64
75 83
82 91
67 92
24 54
81 91
9 70
53 90
50 57
60 95
49 90
49 56
62 82
8 27
80 82
57 90
17 48
11 65
15 30
9 43
19 99
2 44
26 72
34 97
32 49
28 41
13 67
53 57
34 88
61 87
91 96
14 67
62 65
13 78
21 60
9 28
31 69
90 100
49 56
21 98
42 80
5 76
48 57
21 52
51 68
34 89
10 33
2 43
1 68
31 59
53 78
20 70
5 95
5 87
24 60
47 59
25 71
11 81
4 100
18 53
3 36
29 54
18 73
65 89
27 78
42 100
2 57
14 47
64 67
14 24
23 54
17 40
28 52
48 59
43 95
11 63
44 62
34 60
47 59
40 55
31 62
33 63
32 60
32 45
52 60
52 57
3 17
97 82
39 43
35 82
39 52
25 63
2 22
37 50
18 41
42 81
35 39
47 53
21 21
31 58
3 17
41 44
6 11
35 65
1 62
12 30
16 20
4 15
9 75
20 33
34 39
11 40
68 77
11 29
8 52
11 44
24 55
71 82
8 16
43 64
1 73
21 56
40 46
21 55
29 45
28 58
63 75
47 80
12 16
31 48
15 35
17 35
5 72
21 67
81 82
16 49
25 37
27 43
41 76
4 60
6 46
37 78
16 39
27 81
20 56
13 22
21 40
15 51
72 74
16 17
15 34
19 53
52 58
5 33
4 19
44 55
15 60
62 74
6 64
27 43
7 66
42 74
36 50
42 45
22 35
13 15
20 66
16 27
21 58
55 57
20 69
23 33
49 53
26 45
5 45
71 78
12 36
18 82
3 40
43 52
16 39
26 81
40 71
51 55
62 78
33 84
53 58
20 31
29 70
10 83
18 46
25 71
52 59
50 56
4 36
50 80
44 51
13 75
10 66
30 35
25 48
7 52
24 65
15 37
16 18
13 79
2 56
1 7
30 81
5 80
27 74
5 18
28 68
28 53
29 66
52 70
25 65
39 47
53 55
16 4
2 2
4 4
1 3
1 3
2 3
1 4
3 4
2 4
3 3
2 4
1 4
1 2
2 3
3 4
1 1
1 2
100 16
7 10
2 7
1 7
2 14
15 16
12 14
1 9
10 12
8 9
14 15
2 9
1 12
5 13
10 11
2 8
12 16
3 11
3 10
2 5
2 2
5 7
9 14
2 12
7 12
1 7
3 15
9 16
5 11
1 13
6 15
7 8
2 10
1 3
2 7
6 9
1 12
2 14
4 9
5 12
8 11
10 15
1 5
3 14
5 10
8 14
4 10
7 13
1 3
8 11
8 13
2 9
4 13
4 10
15 15
12 14
1 8
6 14
8 13
4 6
12 12
5 11
6 11
11 12
5 15
11 12
1 14
2 5
14 14
1 6
4 4
1 6
6 14
8 14
11 13
3 9
3 8
11 15
4 5
2 13
2 12
6 16
5 15
14 16
3 13
7 14
12 15
1 5
6 8
2 15
5 9
5 12
3 6
1 16
3 4
9 11
9 12
4 11
7 10
7 12
4 7
100 100
44 83
2 15
18 97
70 96
77 87
10 68
94 99
31 92
32 73
18 91
18 87
3 12
15 86
76 89
46 74
8 17
7 74
30 97
75 98
41 86
52 74
27 61
3 88
10 96
42 98
4 44
15 53
73 74
15 41
81 97
25 95
50 72
19 35
30 66
67 87
3 42
36 92
18 53
1 29
14 94
28 81
30 82
77 78
4 88
38 83
39 91
3 91
2 78
9 92
72 87
58 66
91 96
80 86
53 100
43 83
37 45
95 98
43 88
65 79
60 63
17 70
26 33
24 32
55 88
67 86
47 73
26 37
51 91
13 75
27 49
12 61
21 58
41 69
25 67
33 79
87 92
1 95
16 96
52 88
4 100
60 100
48 58
5 45
5 7
15 97
4 7
12 98
54 79
64 75
64 71
6 87
34 75
34 66
28 86
3 83
68 82
20 21
9 45
15 73
10 74
100 100
96 100
67 90
5 78
53 99
20 89
22 26
66 74
35 47
53 99
3 21
12 13
23 75
22 26
65 71
20 89
9 96
49 69
12 67
5 10
62 94
61 83
3 21
24 32
12 20
39 61
4 84
9 96
3 96
26 47
30 61
5 10
27 87
12 67
20 86
12 71
39 88
33 99
60 91
55 85
61 83
27 87
39 88
2 31
19 84
2 31
23 75
57 67
22 62
78 99
24 51
24 53
32 75
5 30
57 67
12 20
22 62
5 54
60 94
65 71
16 43
5 54
62 94
55 85
19 84
12 19
4 39
3 17
30 61
26 47
78 99
32 75
49 81
3 96
49 81
66 74
5 30
5 69
24 51
20 86
3 17
60 91
67 90
35 47
5 69
39 61
24 32
12 71
4 84
49 69
33 99
24 53
16 43
12 13
96 100
33 41
60 94
33 41
5 78
12 19
4 39
90 10
2 4
8 9
1 3
1 8
7 8
4 10
3 6
8 10
1 5
6 9
1 10
1 7
7 8
5 7
2 6
5 8
4 9
2 8
8 9
5 9
6 8
4 8
2 5
3 5
3 5
4 8
1 2
2 3
8 10
4 6
3 10
9 10
4 5
4 6
2 3
2 8
3 4
6 9
1 9
2 10
7 9
2 9
3 9
4 9
5 6
2 6
1 2
1 10
1 7
5 7
2 7
3 7
1 6
1 6
4 7
7 10
3 8
6 10
1 9
2 4
2 5
3 9
3 6
6 7
3 7
6 7
5 10
1 8
4 5
2 9
5 6
7 10
3 10
5 10
3 4
1 4
4 7
5 8
2 10
2 7
3 8
1 4
4 10
6 10
1 3
1 5
9 10
6 8
5 9
7 9
37 78
11 35
33 69
11 49
47 57
11 64
12 74
33 55
45 76
2 54
30 33
42 70
19 38
58 69
24 57
47 74
15 26
41 56
61 76
16 33
60 69
14 33
8 51
22 33
2 13
59 62
39 40
49 71
44 56
16 56
42 52
61 67
36 44
67 70
12 46
57 62
9 9
35 74
12 4
2 4
2 3
2 4
2 3
1 2
1 2
1 4
3 4
3 4
1 3
1 3
1 4
3 3
2 3
3 3
2 2
35 12
1 7
5 6
6 10
1 9
4 11
6 7
2 5
2 12
3 9
1 7
3 12
6 9
2 8
1 12
9 12
8 10
1 2
3 4
8 11
4 7
2 9
1 2
9 10
2 11
6 6
8 10
1 4
7 7
3 4
2 3
1 1
7 12
2 10
3 8
7 11
100 100
2 56
11 64
33 70
36 65
9 23
11 81
34 35
14 72
24 93
11 73
54 100
2 82
48 93
53 88
40 94
55 66
1 100
30 68
49 73
52 85
69 86
24 98
24 74
32 69
7 23
32 77
26 87
56 88
20 59
8 21
56 60
53 80
59 72
28 43
21 24
63 84
5 20
37 48
63 97
36 73
27 76
23 68
12 92
15 37
24 100
12 16
58 67
55 93
71 83
46 49
22 55
38 81
4 52
21 43
36 65
39 53
25 98
10 16
38 45
24 34
74 93
39 78
28 74
27 82
31 57
49 98
5 90
41 66
15 68
41 46
2 26
21 69
58 88
54 78
36 100
3 18
62 89
6 54
12 52
37 51
26 32
5 87
92 93
71 88
26 38
34 67
30 36
62 64
62 87
15 66
38 38
63 64
43 94
46 76
17 59
52 98
17 49
2 35
69 80
70 91
16 100
76 86
78 83
78 85
76 84
76 85
76 83
77 85
77 84
78 86
75 84
78 84
75 83
77 83
77 86
75 86
75 85
100 100
54 59
45 80
56 58
78 83
18 39
26 87
42 84
4 28
15 45
38 86
19 64
40 48
12 88
18 32
45 55
57 65
37 65
7 26
82 87
57 65
31 66
38 100
15 19
26 41
19 44
54 59
56 58
5 85
40 68
38 45
45 78
45 55
11 55
5 45
67 77
12 66
61 100
11 55
38 45
74 97
79 82
50 54
67 94
61 68
4 28
38 86
61 85
78 83
18 32
31 66
79 82
61 85
19 44
76 79
42 78
6 81
74 97
25 86
12 66
42 73
5 85
82 87
6 81
67 77
19 64
37 65
40 48
42 78
5 45
26 41
50 54
61 100
76 79
34 93
83 87
36 85
38 99
38 99
83 87
42 73
45 80
7 26
12 88
34 93
45 78
40 68
26 87
25 86
34 35
27 37
61 68
34 35
36 85
67 94
15 19
27 37
42 84
15 45
38 100
18 39
100 18
13 17
1 17
5 18
1 11
7 8
14 15
3 12
2 7
12 15
5 16
8 10
16 16
6 10
1 10
3 5
5 9
9 11
14 17
5 7
13 16
6 18
3 12
6 6
6 18
7 12
4 12
7 7
7 17
10 17
9 14
4 15
15 16
3 4
2 10
11 18
5 18
1 17
10 16
9 10
8 15
8 9
3 6
2 8
2 13
18 18
1 7
6 13
5 6
1 12
15 16
4 8
2 14
5 11
8 17
8 10
12 18
12 17
7 13
3 10
2 13
2 16
7 15
14 17
4 11
4 5
8 9
2 10
9 10
3 7
13 15
8 11
11 16
7 16
16 18
12 18
2 18
4 12
3 14
6 10
4 7
10 16
1 15
2 2
5 10
11 18
13 15
4 15
2 15
3 15
8 14
9 12
13 18
15 15
4 14
2 12
6 14
6 14
1 14
11 15
1 3
42 90
11 89
34 69
38 40
35 40
77 85
19 33
57 58
8 66
4 78
74 86
34 69
53 88
15 51
24 28
8 83
17 75
38 78
3 87
11 26
31 59
27 73
16 25
23 49
1 27
47 67
6 15
10 43
6 75
79 89
67 81
10 71
69 76
49 69
16 20
15 54
11 59
8 64
15 47
2 45
19 77
50 88
6 41
3 2
1 2
1 2
1 1
100 100
35 90
38 92
32 89
35 92
35 95
32 92
33 93
36 91
40 95
32 95
40 87
39 94
34 87
40 92
34 92
32 86
35 91
36 92
34 90
35 89
38 88
39 93
33 90
39 95
38 89
39 89
36 88
40 90
33 92
38 94
36 94
40 89
34 94
39 90
38 91
34 95
41 95
35 86
41 87
34 91
35 88
37 90
40 93
32 93
39 88
32 87
33 91
38 86
34 86
36 90
37 92
41 93
37 89
37 86
35 94
35 93
41 94
33 94
34 89
38 95
37 87
37 94
41 90
36 86
41 89
32 94
32 88
37 93
33 88
36 93
39 87
36 95
40 88
35 87
33 95
37 95
34 88
40 91
38 93
33 89
38 90
37 88
41 88
40 94
34 93
39 92
32 91
36 89
33 86
40 86
41 92
38 87
37 91
39 91
41 86
32 90
39 86
33 87
41 91
36 87
20 90
53 83
38 51
5 63
32 74
59 60
36 54
35 41
3 33
28 39
35 62
3 54
11 12
19 38
41 68
8 25
34 59
60 68
1 11
50 84
17 36
100 17
2 16
6 15
8 10
3 14
4 16
4 10
13 13
2 8
3 11
12 16
4 13
12 14
2 4
4 12
13 17
13 14
4 8
14 17
13 16
9 17
2 9
2 6
1 12
4 10
1 15
2 13
2 15
1 3
12 14
8 13
6 15
4 11
3 11
2 9
3 4
6 7
5 10
4 14
6 9
10 15
4 15
1 16
10 16
4 5
1 13
4 17
2 5
14 14
1 14
4 14
8 15
2 12
5 15
4 17
9 14
4 12
9 9
1 10
4 5
9 15
5 6
3 16
5 14
9 11
2 4
3 10
2 11
10 10
2 11
6 12
4 6
5 16
4 9
5 11
6 8
7 9
2 7
8 17
1 16
2 17
5 16
12 12
10 16
3 4
3 10
6 11
9 12
4 16
5 13
7 17
9 12
2 13
11 16
1 10
17 17
9 14
7 8
5 9
6 17
6 12
100 100
93 99
18 58
41 76
66 89
1 51
66 76
4 92
63 100
65 84
15 39
61 87
47 93
72 88
6 44
16 85
27 29
25 86
63 96
4 81
9 86
18 54
62 74
68 93
22 95
6 76
100 100
48 81
62 90
77 88
74 93
61 78
58 60
46 66
1 96
38 58
19 74
36 50
15 35
20 96
2 47
50 55
5 40
11 35
82 85
56 60
11 71
76 79
49 67
50 83
28 84
31 91
51 60
44 87
34 83
1 26
35 67
4 24
23 26
19 36
47 94
2 81
15 73
28 54
37 46
13 22
22 49
46 75
75 100
17 56
10 12
56 80
51 84
72 100
73 83
68 76
42 60
49 85
71 73
12 29
60 67
3 28
65 95
1 46
67 79
14 91
24 31
26 36
46 68
54 74
59 59
53 64
23 88
77 97
51 60
46 96
55 60
12 75
7 90
30 74
26 27
64 8
3 5
2 4
1 8
3 6
5 7
7 7
4 7
1 1
8 8
4 5
3 8
5 8
3 3
5 7
1 2
2 4
1 3
2 8
4 6
6 8
2 7
3 8
2 7
6 7
7 8
4 5
3 4
6 8
5 6
3 4
1 2
2 3
1 8
3 6
1 3
1 6
1 4
2 2
1 7
6 7
2 3
4 4
4 6
3 7
3 5
5 8
2 5
6 6
2 6
2 8
3 7
2 5
5 5
2 6
1 4
1 6
1 5
5 6
4 7
1 5
7 8
4 8
1 7
4 8
74 60
4 25
11 32
12 32
14 17
13 20
2 3
2 19
56 60
10 49
38 60
13 49
13 50
18 31
1 27
10 29
41 46
33 58
40 47
2 26
3 20
31 60
13 21
2 26
7 13
32 37
32 48
56 57
29 33
1 23
27 52
30 58
11 13
5 17
48 55
47 51
22 45
22 29
17 60
18 28
46 53
18 23
39 44
20 53
5 54
3 10
9 59
33 36
16 33
14 35
9 21
41 58
33 46
16 26
9 31
36 45
10 29
37 40
22 35
12 37
5 38
3 47
10 10
5 37
3 17
40 45
33 50
30 36
24 43
16 47
38 39
14 17
31 51
24 38
31 42
100 100
84 88
62 63
54 67
71 77
61 64
60 86
73 97
87 95
59 94
71 77
52 65
53 53
62 78
62 91
59 99
70 88
63 78
84 87
87 93
83 96
75 78
65 88
60 70
95 99
66 97
70 75
56 77
60 80
71 91
64 91
89 91
51 59
90 90
62 79
54 64
88 90
52 94
55 68
55 95
56 83
59 94
58 58
56 60
85 95
81 86
71 73
67 99
82 83
75 86
72 77
64 98
68 74
57 93
79 87
82 95
73 94
63 77
64 93
76 79
71 75
71 91
87 93
67 71
68 87
75 77
54 95
57 96
55 80
83 85
67 98
54 98
54 69
75 84
52 97
74 78
73 86
66 93
92 99
50 77
75 88
61 66
58 95
72 78
64 77
53 74
74 93
58 91
70 83
67 96
62 65
54 75
89 99
61 93
62 68
54 87
54 91
58 78
57 72
68 76
87 89
50 96
32 66
3 14
46 94
18 43
12 52
21 77
27 33
39 75
27 96
39 89
3 96
54 66
42 90
14 31
41 81
16 18
23 60
19 63
28 96
72 91
10 67
24 29
10 88
14 15
31 70
46 65
68 81
17 92
11 30
9 41
4 19
22 95
20 75
29 77
30 53
78 85
16 84
2 8
54 78
13 74
18 87
26 55
22 48
21 63
38 51
6 70
30 64
52 84
39 45
15 69
